53 0
54 0
91 0
83 0
56 1
68 0
57 0
59 0
64 0
74 0
105 0
56 0
59 0
50 0
137 0
65 0
50 0
60 0
103 0
73 0
64 0
70 0
76 0
65 0
63 0
64 0
88 0
62 0
75 0
51 0
79 0
64 0
58 0
70 0
51 0
69 0
69 0
84 0
47 0
56 0
85 0
64 0
59 0
66 0
68 0
60 0
137 0
69 0
65 0
66 0
140 0
139 0
86 0
56 0
89 0
52 0
53 0
89 0
79 0
63 0
60 0
77 0
138 0
63 0
139 0
61 0
121 0
77 0
72 0
139 0
72 0
50 0
67 0
69 0
136 0
77 0
24 0
89 0
79 0
64 0
112 0
104 0
88 0
139 0
140 0
110 0
139 0
136 0
41 0
76 0
81 0
136 0
54 0
63 0
73 0
139 0
54 0
97 0
139 0
67 0
54 0
139 0
66 0
62 0
113 0
55 0
64 0
127 0
84 0
67 0
67 0
67 0
56 0
71 0
136 0
75 0
59 0
139 0
75 0
59 0
129 0
62 0
57 0
139 0
62 0
68 0
66 0
67 0
75 0
94 0
74 0
109 0
66 0
113 0
65 0
49 0
61 0
81 0
66 0
53 0
62 0
139 0
91 0
70 0
74 0
51 0
136 0
67 0
123 0
136 0
60 0
88 0
133 0
69 0
79 0
57 0
139 0
112 0
97 0
136 0
139 0
79 0
31 0
70 0
67 0
82 0
58 0
61 0
62 0
78 0
134 0
124 0
50 0
65 0
62 0
92 0
22 0
118 0
49 0
104 0
72 0
128 0
110 0
59 0
92 0
79 0
43 0
31 0
51 0
124 0
66 0
140 0
110 0
59 0
92 0
81 0
68 0
128 0
135 0
63 0
88 0
30 0
44 0
51 0
139 0
139 0
139 0
136 0
74 0
68 0
54 0
63 0
56 0
53 0
85 0
93 0
67 0
51 0
50 0
67 0
60 0
140 0
48 0
62 0
68 0
140 1
127 0
110 0
51 0
119 0
68 0
120 0
60 0
27 0
139 0
139 0
78 0
77 0
84 0
140 0
71 0
68 0
96 0
72 0
79 0
109 0
73 0
96 0
140 0
158 0
64 0
140 0
63 0
53 0
139 0
50 0
51 0
86 0
139 0
66 0
50 0
68 0
56 0
101 0
61 0
117 0
138 0
73 0
139 0
53 0
56 0
138 0
82 0
70 0
68 0
52 0
139 0
74 0
115 0
106 0
76 0
83 0
86 0
70 0
83 0
139 0
102 0
102 0
67 0
139 0
139 0
139 0
73 0
69 0
70 0
59 0
140 0
74 0
139 0
134 0
65 0
93 0
74 0
140 0
67 0
56 0
55 0
81 0
109 0
106 0
75 0
51 0
103 0
139 0
65 0
67 0
139 0
109 0
52 0
125 1
53 0
139 0
97 1
88 0
68 0
140 0
51 0
77 0
139 0
55 0
61 0
122 0
139 0
112 0
131 0
74 0
53 0
61 0
116 0
140 0
65 0
90 0
80 0
70 0
140 0
72 0
140 0
58 0
69 0
76 0
67 0
64 0
117 0
67 0
115 0
139 0
81 0
70 0
60 0
61 0
55 0
55 0
78 0
107 1
64 0
67 0
47 0
64 0
34 0
81 0
57 0
82 0
140 0
69 0
71 0
68 0
79 0
56 0
58 0
71 0
73 0
72 0
41 0
27 0
51 0
50 0
63 0
61 0
69 0
51 0
63 0
50 0
64 0
60 0
54 0
71 0
62 0
47 0
93 0
52 0
54 0
51 0
47 0
64 0
56 0
63 0
75 0
48 0
73 0
53 0
80 0
51 0
46 0
61 0
60 0
63 0
48 0
62 0
58 0
55 0
50 0
75 0
46 0
54 0
68 0
140 0
55 0
51 0
61 0
60 0
59 0
71 0
62 0
70 0
60 0
75 0
65 0
56 0
54 0
64 0
66 0
63 0
63 0
64 0
52 0
59 0
65 0
66 0
66 0
43 0
53 0
49 0
67 0
28 0
51 0
63 0
22 0
48 0
60 0
60 0
85 0
55 0
91 0
62 0
55 0
73 0
65 0
55 0
64 0
75 0
56 0
75 0
58 0
74 0
71 0
57 0
47 0
64 0
95 0
67 0
59 0
52 0
61 0
67 0
140 0
71 0
65 0
70 0
70 0
56 0
91 0
62 0
46 0
57 0
58 0
76 0
68 0
58 0
71 0
79 0
68 0
79 0
52 0
52 0
104 0
74 0
140 0
46 0
68 0
63 0
59 0
49 0
86 0
73 0
54 0
75 0
52 0
67 0
61 0
82 0
81 0
69 0
115 0
80 0
67 0
53 0
53 0
53 0
126 0
69 0
139 0
63 0
76 0
56 0
70 0
110 0
67 0
88 0
140 0
69 0
53 0
86 0
86 0
60 0
127 0
115 0
81 0
69 0
135 0
60 0
91 0
53 0
84 0
53 0
71 0
45 0
126 0
56 0
56 0
47 0
64 0
55 0
74 0
105 0
107 0
64 0
59 0
62 0
140 0
51 0
137 0
80 0
75 0
61 0
112 0
55 0
136 0
82 0
89 0
115 0
55 0
55 0
81 0
91 0
69 0
68 0
136 0
65 0
124 0
68 0
98 0
60 0
127 0
110 0
58 0
140 0
137 0
140 0
95 0
35 0
70 0
63 0
138 0
70 0
74 0
75 0
116 0
42 0
87 0
47 0
62 0
54 0
67 0
49 0
53 0
137 0
118 0
54 0
111 0
57 0
79 0
59 0
90 0
80 0
140 0
64 0
99 0
71 0
65 0
74 0
76 0
91 0
139 0
52 0
78 0
108 0
52 0
98 0
130 0
44 0
78 0
58 0
54 0
138 0
73 0
119 0
129 0
71 0
88 0
121 0
134 0
100 0
71 1
110 0
127 0
74 0
134 0
102 0
55 0
136 0
64 0
136 0
136 0
63 0
70 0
55 0
111 0
97 0
38 0
53 0
60 0
79 0
64 0
55 0
102 0
140 0
51 0
82 0
63 0
79 0
49 0
60 0
50 0
63 0
91 0
55 0
86 0
85 0
58 0
66 0
51 0
88 0
140 0
65 0
98 0
96 0
64 0
70 0
109 0
70 0
57 0
139 0
91 0
64 0
80 0
98 0
110 0
59 0
136 0
64 0
56 0
51 0
134 0
67 0
67 0
67 0
54 0
101 0
119 0
119 0
119 0
136 0
60 0
88 0
140 0
56 0
69 0
60 0
80 0
67 0
132 0
58 0
65 0
93 0
139 0
56 0
53 0
62 0
57 0
132 0
50 0
49 0
140 0
76 0
83 0
78 0
136 0
77 0
65 0
46 0
140 0
49 0
136 0
49 0
62 0
70 0
117 0
69 0
58 0
49 0
42 0
50 0
50 0
56 0
58 0
49 0
123 0
77 0
110 0
90 0
53 0
56 0
82 0
61 0
83 0
136 0
136 0
136 0
136 0
136 0
136 0
136 0
136 0
71 0
95 0
63 0
77 0
81 0
53 0
84 0
49 0
79 0
64 0
59 0
69 0
130 0
128 0
70 0
110 0
139 0
98 0
52 0
96 0
55 0
136 0
58 0
83 0
67 1
51 0
66 0
139 0
108 0
85 0
56 0
83 0
55 0
65 0
54 0
140 0
120 0
118 0
58 0
139 0
55 0
71 0
97 0
55 0
69 0
136 0
139 0
50 0
62 0
140 0
47 0
110 0
131 0
65 0
72 0
62 0
128 0
140 0
72 0
79 0
107 0
58 0
119 0
136 0
68 0
110 0
136 0
60 0
136 0
83 0
70 0
57 0
72 0
35 0
136 0
100 0
101 0
80 0
64 0
118 0
60 0
106 0
119 0
56 0
119 0
140 0
136 0
139 0
88 0
52 0
136 0
136 0
67 0
136 0
140 0
124 1
102 0
64 0
54 0
97 0
136 0
115 0
114 0
119 0
68 0
139 1
64 0
62 0
124 0
50 0
70 0
142 0
60 0
132 0
119 0
129 0
136 0
136 0
138 0
89 0
49 0
118 0
66 0
136 0
139 0
134 1
126 0
96 0
138 0
78 0
69 0
131 0
44 0
123 0
72 0
58 0
125 0
72 0
139 0
66 0
139 0
74 0
87 0
56 0
139 0
47 0
139 0
87 0
49 0
139 0
139 0
77 0
125 0
63 0
112 0
139 0
110 0
78 0
76 0
136 0
61 0
58 0
120 0
58 0
64 0
102 0
55 0
65 0
48 0
68 0
61 0
98 0
60 0
106 0
57 0
99 0
62 0
135 1
48 0
78 0
87 0
73 0
54 0
136 0
138 0
87 0
79 0
79 0
64 0
54 0
70 0
64 0
61 0
61 0
36 0
72 0
65 0
53 0
132 0
138 0
106 0
79 0
93 0
86 0
99 0
92 0
140 0
102 0
105 0
117 0
82 0
104 0
97 0
33 0
140 0
76 0
71 0
110 0
140 0
140 0
47 0
60 0
94 0
74 0
83 0
92 0
83 0
99 0
106 0
136 0
139 0
62 0
101 0
77 0
106 0
130 0
136 0
116 0
92 0
140 0
60 0
136 0
79 0
70 0
68 0
100 0
136 0
136 0
136 0
55 0
51 0
46 0
112 0
112 0
140 0
140 0
139 0
132 0
101 0
106 0
136 0
62 0
65 0
73 0
62 0
140 0
41 0
102 0
109 0
140 0
140 0
139 0
102 0
54 0
88 0
64 0
136 0
136 0
140 0
128 0
140 0
111 1
42 0
116 0
138 0
136 0
92 0
136 0
103 0
66 0
140 0
63 0
139 0
100 0
110 0
90 0
64 0
46 0
50 0
147 0
69 0
87 0
87 0
136 0
83 0
70 0
140 0
122 0
136 0
136 0
56 0
61 0
140 0
85 0
139 0
117 0
102 0
94 0
136 0
136 0
49 0
96 0
106 0
136 0
62 0
68 0
60 0
79 0
131 0
60 0
121 0
103 0
59 0
115 0
85 0
130 0
138 0
140 0
135 0
136 0
89 0
139 0
61 0
140 0
138 0
74 0
139 0
62 0
99 0
106 0
69 0
136 0
71 0
140 0
138 0
52 0
66 0
71 0
74 0
136 0
66 0
57 0
87 0
78 0
46 0
60 0
50 0
51 0
80 0
53 0
45 0
75 0
75 0
140 0
58 0
53 0
58 0
136 0
74 0
44 0
82 0
59 0
102 0
65 0
63 0
65 0
49 0
49 0
124 0
71 0
64 0
53 0
113 0
62 0
67 0
135 0
90 0
46 0
29 0
129 0
57 0
68 0
139 0
73 0
93 0
76 0
135 0
69 0
76 0
52 0
140 0
69 0
58 0
50 0
63 0
56 0
61 0
65 0
68 0
53 0
100 0
56 0
62 0
139 0
61 0
104 0
58 0
75 0
75 0
54 0
54 0
67 0
54 0
54 0
54 0
78 0
106 0
52 0
57 0
70 0
78 0
57 0
59 0
65 0
85 0
67 0
71 0
60 0
55 0
55 0
63 0
63 0
139 0
76 0
37 0
65 0
58 0
54 0
139 0
51 0
73 0
73 0
139 0
52 0
53 0
72 0
56 0
56 0
139 0
59 0
139 0
57 0
57 0
66 0
106 0
62 0
122 0
52 0
85 0
66 0
66 0
105 0
79 0
70 0
101 0
59 0
94 0
56 0
57 0
56 0
69 0
81 0
50 0
54 0
97 0
58 0
62 0
60 0
136 0
50 0
98 0
59 0
67 0
60 0
66 0
96 0
72 0
59 0
59 0
134 0
60 0
54 0
54 0
140 0
139 0
131 0
68 0
67 0
130 0
52 0
55 0
102 0
62 0
64 0
59 0
84 0
93 0
114 0
139 0
127 0
139 0
62 0
139 0
139 0
72 0
48 0
138 0
59 0
135 0
46 0
52 0
93 0
44 0
60 0
71 0
71 0
136 0
61 0
46 0
113 1
123 0
138 0
53 0
92 0
140 0
62 0
83 0
63 0
130 1
99 0
72 0
100 0
77 0
65 0
50 0
62 0
138 0
49 0
69 0
50 0
70 0
57 0
57 0
49 0
67 0
115 0
64 0
58 0
109 0
60 0
135 0
66 0
78 0
96 0
90 0
56 0
66 0
99 0
64 0
56 0
56 0
95 0
136 0
122 0
139 0
54 0
66 0
122 0
98 0
140 0
54 0
58 0
58 0
58 0
124 0
76 0
118 0
108 0
107 0
52 0
138 0
77 0
79 0
139 0
64 0
106 0
147 0
49 0
139 0
125 0
47 0
64 0
139 0
127 0
139 0
70 0
65 0
66 0
41 0
83 0
135 0
99 0
62 0
66 0
139 0
101 0
129 0
138 0
139 0
127 0
138 0
62 0
151 0
91 0
140 0
139 0
139 0
65 0
92 0
78 0
139 0
139 0
100 0
139 0
63 0
65 0
140 0
76 0
70 0
66 0
60 0
57 0
140 0
51 0
74 0
96 0
74 0
48 0
91 0
122 0
137 0
72 0
108 0
51 0
136 0
105 0
105 0
120 0
128 0
101 0
1 0
101 0
44 0
78 0
113 0
100 0
140 0
49 0
139 0
140 0
68 0
102 0
139 0
63 0
79 0
64 0
68 0
63 0
61 0
115 0
84 0
84 0
110 0
67 0
75 0
77 0
54 0
140 0
67 0
90 0
57 0
67 0
70 0
129 0
75 0
70 0
46 0
71 0
72 0
45 0
69 0
137 0
57 0
84 0
89 0
129 0
140 0
52 0
47 0
65 0
57 0
123 0
33 0
92 0
66 0
148 0
136 0
70 0
85 0
74 0
65 0
59 0
139 0
69 0
76 0
51 0
129 0
53 0
139 0
139 0
63 0
69 0
139 0
54 0
61 0
70 0
64 0
61 0
68 0
65 0
57 0
101 0
43 0
50 0
54 0
56 0
139 0
75 0
139 0
92 0
59 0
60 0
50 0
64 0
73 0
138 0
63 0
75 0
63 0
65 0
59 0
136 0
125 0
136 0
66 0
120 0
119 0
53 0
61 0
91 0
59 0
77 0
60 0
84 0
63 0
60 0
129 0
103 0
69 0
138 0
68 0
60 0
138 0
61 0
47 0
139 0
59 0
65 0
140 0
65 0
136 0
44 0
61 0
89 0
47 0
47 0
62 0
46 0
51 0
88 0
64 0
69 0
54 0
65 0
95 0
75 0
47 0
45 0
62 0
137 0
56 0
74 0
57 0
74 0
57 0
59 0
80 0
60 0
67 0
68 0
58 0
66 0
55 0
60 0
79 0
57 0
74 0
63 0
72 0
140 0
59 0
52 0
59 0
61 0
85 0
83 0
53 0
68 0
71 0
53 0
52 0
70 0
84 0
47 0
50 0
61 0
66 0
80 0
60 0
56 0
103 0
64 0
56 0
64 0
56 0
55 0
69 0
60 0
139 0
51 0
59 0
61 0
58 0
75 0
83 0
62 0
139 0
67 0
60 0
70 0
62 0
35 0
58 0
66 0
92 0
56 0
139 0
75 0
140 0
56 0
62 0
54 0
60 0
139 0
77 0
66 0
71 0
59 0
56 0
81 0
104 0
71 0
76 0
65 0
57 0
76 0
49 0
133 0
75 0
140 0
41 0
46 0
70 0
67 0
72 0
76 0
72 0
61 0
73 0
52 0
135 0
63 0
151 0
139 0
73 0
52 0
75 0
139 0
60 0
61 0
65 0
139 0
60 0
68 0
79 0
54 0
65 0
48 0
66 0
101 0
58 0
89 0
62 0
79 0
65 0
73 0
140 0
58 0
87 0
101 0
68 0
87 0
43 0
74 0
65 0
119 0
51 0
51 0
136 0
139 0
61 0
57 0
67 0
147 0
79 0
140 0
54 0
67 0
139 0
139 0
58 0
55 0
65 0
58 0
47 0
58 0
129 0
61 0
65 0
68 0
48 0
37 1
139 0
65 0
140 0
68 0
132 0
57 0
61 0
59 0
62 0
130 1
40 0
115 0
80 0
56 0
140 0
28 0
73 0
73 0
54 0
65 0
139 0
104 0
139 0
60 0
54 0
52 0
76 0
56 0
51 0
55 0
82 0
69 0
62 0
137 0
62 0
64 0
68 0
140 0
125 0
54 0
70 0
77 0
52 0
81 0
79 0
139 0
103 1
140 0
140 0
64 0
130 0
139 0
140 0
69 0
69 0
66 0
54 0
52 0
61 0
76 0
139 0
67 0
130 0
86 0
83 0
83 0
72 0
68 0
140 0
53 0
57 0
73 0
114 0
72 0
66 0
63 0
139 0
59 0
58 0
57 0
47 0
92 0
63 0
69 0
53 0
65 0
140 0
67 0
92 0
55 0
75 0
57 0
65 0
47 0
51 0
127 0
54 0
70 0
74 0
85 0
66 0
83 0
51 0
50 0
74 0
79 0
112 0
66 0
97 0
125 0
140 0
74 0
125 0
49 0
121 0
116 0
131 0
78 0
58 0
140 0
108 0
72 0
89 0
136 0
85 0
53 0
86 0
140 0
71 0
76 0
109 0
133 0
140 0
128 0
140 0
70 0
75 0
136 0
139 0
93 0
58 0
73 0
136 0
53 0
84 0
130 0
67 0
140 0
140 0
139 0
140 0
61 0
98 0
60 0
60 0
105 0
137 0
95 0
116 0
121 0
138 0
138 0
94 0
81 0
121 0
139 0
65 0
103 0
65 0
139 0
111 0
139 0
56 0
78 0
140 0
140 0
85 0
32 0
131 0
99 0
59 0
125 0
124 0
85 0
68 0
56 0
136 0
116 0
136 0
65 0
69 0
139 0
84 0
1 0
42 0
76 0
140 0
139 0
60 0
61 0
48 0
136 0
109 0
88 0
78 0
54 0
136 0
80 0
71 0
58 0
140 0
111 0
63 0
139 0
88 0
81 0
54 0
129 0
111 0
66 0
106 0
69 0
89 0
59 0
90 0
75 0
138 0
62 0
137 0
136 0
121 0
59 0
107 0
140 0
65 0
116 0
67 0
72 0
138 0
70 0
71 0
45 0
52 0
112 0
50 0
139 0
133 0
56 0
139 0
81 0
40 0
140 0
140 0
64 0
127 0
45 0
112 0
96 0
136 0
78 0
59 0
143 0
140 0
61 0
136 0
94 0
128 0
138 0
140 0
111 0
86 0
42 0
62 0
139 0
51 0
83 0
139 0
57 0
69 0
104 0
140 1
110 0
136 0
116 0
60 0
139 0
130 0
51 0
128 0
105 0
54 0
70 0
59 0
78 0
51 0
124 0
71 0
107 1
139 0
140 0
100 0
106 0
132 0
139 0
136 0
1 0
65 0
140 0
126 0
136 0
51 0
63 0
111 0
136 0
136 0
58 0
110 0
75 0
66 0
51 0
53 0
76 0
62 0
114 0
59 0
140 0
125 0
64 0
71 0
120 0
47 0
85 0
56 0
53 0
74 0
52 0
57 0
60 0
140 0
65 0
140 0
133 0
45 0
59 0
61 0
99 0
67 0
51 0
53 0
79 0
68 0
104 0
98 0
136 0
75 0
70 0
54 0
60 0
140 0
53 0
111 0
107 0
136 0
136 0
136 0
136 0
136 0
136 0
136 0
136 0
100 0
106 0
64 0
50 0
56 0
58 0
54 0
66 0
81 0
69 0
68 0
53 0
53 0
106 0
67 0
64 0
53 0
73 0
120 0
60 0
32 0
61 0
123 0
62 0
58 0
60 0
56 0
50 0
78 0
72 0
139 0
64 0
64 0
68 0
49 0
45 0
55 0
55 0
55 0
50 0
53 0
131 0
61 0
53 0
57 0
64 0
52 0
102 0
139 0
65 0
107 0
59 0
78 0
72 0
69 0
62 0
78 0
75 0
59 0
140 0
57 0
51 0
60 0
76 0
64 0
50 0
139 0
128 0
76 0
68 0
72 0
60 0
68 0
76 0
62 0
50 0
76 0
58 0
62 0
57 0
61 0
54 0
61 0
66 0
63 0
84 0
84 0
75 0
64 0
68 0
61 0
62 0
60 0
64 0
139 0
68 0
51 0
104 0
67 0
68 0
76 0
53 0
73 0
67 0
72 0
128 0
136 0
136 0
57 0
61 0
54 0
52 0
49 0
73 0
52 0
74 0
64 0
51 0
56 0
64 0
136 0
76 0
61 0
53 0
138 0
96 0
63 0
96 0
65 0
80 0
67 0
107 0
74 0
69 0
67 0
57 0
62 0
79 0
126 0
127 0
63 0
59 0
139 0
139 0
99 0
79 0
104 0
112 0
57 0
147 0
128 0
23 0
59 0
61 0
139 0
65 0
62 0
98 0
98 0
119 0
75 0
120 0
53 0
56 0
78 0
54 0
138 0
90 0
53 0
55 0
139 0
124 0
57 0
73 0
53 0
63 0
56 0
51 0
129 0
78 0
78 0
78 0
67 0
78 0
62 0
131 0
1 0
74 0
50 0
53 0
139 0
78 0
65 0
83 0
60 0
61 0
67 0
65 0
46 0
63 0
88 0
82 0
139 0
107 0
66 0
129 0
54 0
74 0
52 0
102 0
125 0
65 0
109 0
54 0
63 1
63 0
61 0
138 0
100 0
85 0
54 0
54 0
139 0
105 0
133 0
127 0
91 0
110 0
56 0
124 0
40 0
110 0
84 0
114 0
54 0
110 0
62 0
69 0
120 0
136 0
62 0
90 0
60 0
124 0
102 0
147 0
63 0
73 0
63 0
51 0
82 0
130 0
62 0
91 0
140 0
110 0
60 0
70 0
131 0
67 0
105 1
97 0
76 0
54 0
55 0
55 0
66 0
59 0
137 0
83 0
71 0
59 0
52 0
64 0
95 0
139 0
67 0
56 0
56 0
67 0
126 0
60 0
57 0
138 0
134 0
76 0
139 0
98 0
72 0
67 1
122 0
79 0
113 0
125 0
140 0
75 0
74 0
79 0
66 0
65 0
55 0
59 0
59 0
69 0
56 0
73 0
53 0
74 0
67 0
68 0
69 0
137 0
65 0
49 0
48 0
139 0
1 0
139 0
108 0
52 0
63 0
140 0
58 0
68 0
74 0
52 0
47 0
62 0
63 0
139 0
54 0
44 0
84 0
64 0
51 0
62 0
91 0
61 0
55 0
52 0
72 0
54 0
58 0
49 0
103 0
62 0
52 0
62 0
77 0
63 0
72 0
58 0
68 0
66 0
76 0
50 0
76 0
1 0
59 0
58 0
80 0
82 0
63 0
54 0
96 0
68 0
81 0
66 0
56 0
130 0
63 0
74 0
53 0
71 0
124 0
134 0
65 0
75 0
59 0
63 0
47 0
77 0
33 0
54 0
82 0
80 0
1 0
69 0
54 0
61 0
50 0
89 0
49 0
62 0
81 0
84 0
46 0
62 0
71 0
128 0
72 0
62 0
58 0
77 0
91 0
76 0
44 0
77 0
44 0
100 0
54 0
52 0
43 0
99 0
93 0
67 0
72 0
60 0
103 0
64 0
74 0
70 0
55 0
58 0
55 0
59 0
69 0
57 0
112 0
50 0
73 0
61 0
56 0
86 0
67 0
139 0
63 0
65 0
72 0
56 0
59 0
73 0
59 0
135 0
85 0
50 0
139 0
59 0
46 0
69 0
87 0
71 0
67 0
140 0
139 0
54 0
50 0
58 0
48 0
79 0
70 0
78 0
61 0
59 0
70 0
81 0
70 0
80 0
73 0
51 0
49 0
53 0
70 0
98 0
63 0
139 0
61 0
76 0
54 0
57 0
59 0
60 0
60 0
54 0
77 0
139 0
131 0
47 0
54 0
52 0
55 0
74 0
83 0
111 0
82 0
114 0
123 0
128 0
64 0
109 0
73 0
31 0
58 0
114 0
65 0
51 0
63 0
93 0
66 0
52 0
54 0
92 0
63 1
60 0
82 0
85 0
67 0
71 0
62 0
55 0
89 0
54 0
63 0
65 0
36 0
104 0
60 0
49 0
53 0
66 0
51 0
138 0
60 0
122 0
51 0
77 0
49 0
46 0
59 0
50 0
77 0
57 0
108 0
69 0
56 0
70 0
55 0
55 0
64 0
65 0
53 0
54 0
80 0
139 0
55 0
71 0
54 0
64 0
48 0
51 0
53 0
90 0
101 0
139 0
64 0
51 0
50 0
48 0
56 0
88 0
44 0
71 0
70 0
103 0
131 0
139 0
136 0
75 0
76 0
66 0
136 0
87 0
91 0
101 0
87 0
74 0
135 0
110 0
59 0
103 0
92 0
136 0
136 0
83 0
60 0
130 0
80 0
136 0
136 0
140 0
106 0
139 0
43 0
106 0
114 0
54 0
110 0
93 0
135 0
92 0
60 0
113 0
105 0
93 0
136 0
90 0
70 0
140 0
82 0
131 0
86 0
84 0
35 0
139 0
135 0
70 0
123 0
66 0
76 0
140 0
93 0
69 0
35 0
139 0
62 0
111 0
139 0
113 0
82 0
75 0
65 0
140 0
139 0
111 0
61 0
70 0
64 0
126 0
63 0
72 0
77 0
68 0
138 0
59 0
142 0
58 0
49 0
60 0
46 0
142 0
140 0
62 0
54 0
127 0
139 0
56 0
68 0
47 0
55 0
92 0
54 0
61 0
49 0
70 1
58 0
58 0
61 0
81 0
65 0
51 0
59 0
56 0
64 0
48 0
64 0
140 0
76 0
75 0
74 0
55 0
62 0
56 0
65 0
59 0
50 0
82 0
97 0
62 0
58 0
62 0
47 0
60 0
59 0
55 0
61 0
61 0
55 0
51 0
60 0
49 0
56 0
63 0
73 0
51 0
55 0
95 0
51 0
55 0
61 0
121 0
58 0
97 0
77 0
47 0
127 1
48 0
77 0
62 0
62 0
62 0
64 0
61 0
45 1
50 0
92 0
98 0
100 0
135 0
67 0
63 0
84 0
61 0
70 0
139 0
139 0
67 0
83 0
123 0
130 0
130 0
66 0
79 0
86 0
58 0
115 0
136 0
60 0
47 0
136 0
126 0
130 0
124 0
124 0
140 0
61 0
122 0
59 1
86 0
73 0
139 0
108 0
68 0
82 0
105 0
63 0
116 0
69 0
52 0
58 0
66 0
51 0
78 0
61 0
126 0
52 0
52 0
68 0
65 0
59 0
62 0
61 0
50 0
64 0
72 0
50 0
116 0
66 0
61 0
55 0
52 0
54 0
56 0
57 0
59 0
55 0
53 0
51 0
66 0
74 0
117 0
119 0
46 0
47 0
64 0
72 0
88 0
52 0
58 0
67 0
67 0
98 0
52 0
47 0
74 0
60 0
56 0
49 0
75 0
64 0
47 0
53 0
51 0
61 0
59 0
55 0
53 0
60 0
54 0
100 0
66 0
57 0
140 0
63 0
51 0
136 0
102 0
47 0
140 0
54 0
53 0
129 0
140 0
67 0
66 0
54 0
59 0
51 0
114 0
35 1
63 0
66 0
57 0
30 0
67 0
68 0
151 0
53 0
65 0
64 0
60 0
108 0
117 0
41 0
139 0
115 0
123 0
69 0
140 0
119 0
55 0
53 0
81 0
140 0
124 0
51 0
90 0
139 0
130 0
140 0
56 0
136 0
58 0
49 0
58 0
61 0
41 0
53 0
40 0
138 0
58 0
49 0
70 0
140 0
63 0
125 0
54 0
57 0
57 0
125 0
66 0
59 0
125 0
61 0
83 0
57 0
48 0
63 0
97 0
54 0
77 0
136 0
44 0
113 0
136 0
78 0
136 0
139 0
57 0
138 0
92 0
57 0
74 0
49 0
54 0
53 0
73 0
54 0
53 0
67 0
61 0
129 0
105 0
136 0
136 0
140 0
51 0
57 0
113 0
77 0
56 0
139 0
75 0
49 0
61 0
51 0
58 0
62 0
139 0
58 0
69 0
139 0
48 0
68 0
139 0
157 0
56 0
49 0
44 0
58 0
45 0
51 0
104 0
57 0
61 0
66 0
64 0
56 0
63 0
66 0
54 0
51 0
54 0
56 0
50 0
70 0
56 0
62 0
59 0
60 0
113 0
41 0
112 0
70 0
54 0
131 0
133 0
49 0
51 0
45 0
67 0
71 0
67 0
65 0
65 0
58 0
81 0
60 0
61 0
55 0
140 0
137 0
58 0
50 0
76 0
70 0
57 0
139 0
59 0
63 0
76 0
111 0
67 0
136 0
136 0
138 0
52 0
59 0
128 0
91 0
59 0
64 0
64 0
140 0
68 0
139 0
63 0
135 0
86 0
63 0
136 0
81 0
81 0
55 0
90 0
89 0
82 0
51 0
106 0
52 0
82 0
56 0
82 0
68 0
69 0
119 0
90 0
119 0
119 0
119 0
119 0
91 0
140 0
106 0
136 0
136 0
65 0
103 1
59 0
90 0
96 0
131 0
113 0
136 0
63 0
140 0
59 0
138 0
96 0
140 0
139 0
49 0
139 0
67 0
123 0
46 0
118 0
60 0
75 0
137 0
68 0
56 0
136 0
70 0
80 0
136 0
38 0
106 0
55 0
75 0
91 0
51 0
137 0
66 0
136 0
64 0
61 0
138 0
140 0
79 0
53 0
123 0
63 0
83 0
105 0
64 0
105 0
62 1
61 0
82 0
140 0
125 0
138 0
60 0
99 0
34 0
155 0
101 0
135 0
58 0
49 0
78 0
57 0
135 0
140 0
64 0
73 0
64 0
40 0
59 0
136 0
49 0
52 0
60 0
134 0
115 0
58 0
138 0
27 0
58 0
71 0
58 0
125 0
118 0
80 0
70 0
71 0
55 0
54 0
87 0
136 0
66 0
68 0
139 0
63 0
139 0
60 0
140 0
125 0
59 0
91 0
85 0
74 0
73 0
70 0
68 0
63 0
66 0
67 0
140 0
61 0
76 0
120 0
40 0
65 0
81 0
96 0
56 0
143 0
99 0
81 0
103 0
76 0
138 0
71 0
76 0
63 0
55 0
78 0
85 0
139 0
138 0
120 0
136 0
78 0
78 0
125 0
55 0
136 0
127 0
61 0
110 0
117 0
137 0
49 0
95 0
139 0
95 0
74 0
101 0
86 0
50 0
110 0
90 0
91 0
117 0
87 0
124 0
86 0
102 0
73 0
139 0
72 0
59 0
70 0
83 0
140 0
88 0
82 0
59 0
39 0
62 0
131 0
39 0
136 0
131 0
136 0
39 0
66 0
50 0
113 0
108 0
81 0
136 0
52 0
140 0
97 0
88 0
72 0
68 0
112 0
57 0
74 0
147 0
65 0
45 0
75 0
46 0
45 0
80 0
80 0
68 0
89 0
139 0
58 0
69 0
140 0
62 0
95 0
100 0
63 0
93 0
70 0
139 0
64 0
69 0
94 0
136 0
109 0
136 0
119 0
119 0
119 0
138 0
138 0
140 0
103 0
48 0
46 0
65 0
67 0
74 0
109 0
94 0
139 0
95 0
138 0
69 0
140 0
66 0
67 0
138 0
86 0
138 0
60 0
86 0
53 0
63 0
62 0
103 0
91 0
69 0
139 0
140 0
65 0
61 0
110 0
52 0
73 0
52 0
56 0
124 0
69 0
46 0
73 0
65 0
88 0
58 0
86 0
58 0
81 0
143 0
131 0
66 0
54 0
86 0
59 0
76 0
61 0
140 0
50 0
76 0
67 0
52 0
42 0
62 0
95 0
134 0
80 0
49 0
61 0
117 1
88 0
60 0
134 0
58 1
64 0
72 0
139 0
62 0
137 0
52 0
50 0
72 0
136 0
50 0
100 0
83 0
109 0
53 0
48 0
50 0
49 0
48 0
136 0
80 0
61 0
48 0
57 0
139 0
48 0
46 0
80 0
69 0
50 0
107 0
56 0
47 0
53 0
49 0
58 0
53 0
64 0
52 0
55 0
58 0
110 0
64 0
66 0
67 0
51 0
59 0
58 0
67 0
55 0
68 0
60 0
52 0
134 0
112 0
68 0
49 0
55 0
59 0
59 0
60 0
76 0
48 0
55 0
74 0
70 0
57 0
45 0
49 0
56 0
52 0
51 0
59 0
70 0
143 0
60 0
78 0
73 0
64 0
59 0
59 0
60 0
44 0
56 0
55 0
56 0
76 0
57 0
48 0
53 0
61 0
71 0
58 0
53 0
55 0
98 0
46 0
68 0
64 0
60 0
48 0
57 0
50 0
88 0
66 0
45 0
58 0
58 0
55 0
49 0
53 0
80 0
71 0
67 0
62 0
87 0
46 0
66 0
56 0
90 0
62 0
53 0
60 0
61 0
91 0
79 0
68 0
62 0
59 0
58 0
51 0
110 0
52 0
53 0
55 0
50 0
57 0
67 0
64 0
125 1
59 0
69 0
83 0
49 0
80 0
52 0
60 0
90 0
59 0
56 0
55 0
51 0
62 0
67 0
56 0
98 0
70 0
63 0
66 0
53 0
59 0
70 0
55 0
61 0
57 0
142 0
63 0
81 0
89 0
56 0
72 0
64 0
74 0
59 0
46 0
45 0
48 0
140 0
49 0
62 0
69 0
138 0
49 0
59 0
59 0
65 0
140 0
136 0
46 0
50 0
52 0
57 0
52 0
73 0
62 0
57 0
59 0
55 0
59 0
62 0
49 0
68 0
55 0
63 0
67 0
54 0
49 0
59 0
69 0
74 0
70 0
56 0
71 0
44 0
67 0
63 0
47 0
61 0
60 0
53 0
60 0
48 0
87 0
49 0
63 0
66 0
52 0
59 0
49 0
67 0
52 0
48 0
68 0
53 0
50 0
139 0
68 0
61 0
65 0
61 0
62 0
71 0
59 0
70 0
60 0
57 0
45 0
139 0
55 0
63 0
68 0
69 0
80 0
66 0
64 0
61 0
74 0
73 0
73 0
77 0
60 0
51 0
75 0
56 0
85 0
53 0
63 0
66 0
49 0
61 0
139 0
69 0
60 0
75 0
58 0
61 0
49 0
48 0
59 0
61 0
51 0
49 0
57 0
73 0
50 0
83 0
132 0
55 0
52 0
58 0
49 0
62 0
60 0
77 0
71 0
119 0
86 0
53 0
66 0
77 0
58 0
81 0
55 0
54 0
72 0
68 0
73 0
61 0
66 0
61 0
65 0
76 0
50 0
68 0
70 0
47 0
51 0
61 0
140 0
49 0
70 0
59 0
57 0
53 0
47 0
63 0
53 0
51 0
68 0
135 0
51 0
60 0
84 0
57 0
65 0
59 0
119 0
59 0
140 0
50 0
77 0
86 0
53 0
103 0
139 0
55 0
66 0
65 0
82 0
56 0
55 0
136 0
124 0
67 0
67 0
140 0
73 0
66 0
61 0
106 0
75 0
69 0
50 0
43 0
74 0
53 0
59 0
55 0
65 0
61 0
68 0
52 0
52 0
82 0
66 0
54 0
79 0
75 0
65 0
60 0
74 0
139 0
58 0
49 0
65 0
50 0
48 0
51 0
66 0
139 0
114 0
59 0
58 0
88 0
59 0
91 0
75 0
107 0
107 0
98 0
59 0
55 0
65 0
60 0
67 0
52 0
51 0
71 0
50 0
57 0
55 0
61 0
54 0
57 0
88 0
139 0
52 0
56 0
64 0
100 0
65 0
61 0
52 0
53 0
77 0
86 0
89 0
52 0
54 0
59 0
54 0
124 0
42 0
96 0
57 0
60 0
51 0
59 0
51 0
50 0
66 0
68 0
70 0
70 0
72 0
133 0
77 0
57 0
140 0
52 0
64 0
139 0
68 0
55 0
57 0
56 0
85 0
58 0
61 0
104 0
71 0
57 0
76 0
66 0
59 0
77 0
67 0
80 0
63 0
115 0
52 0
59 0
66 0
100 0
55 0
54 0
53 0
59 1
59 0
53 0
60 0
66 0
58 0
91 0
53 0
67 0
54 0
56 0
62 0
58 0
104 0
62 0
53 0
59 0
70 0
71 0
57 0
55 0
67 0
61 0
123 0
55 0
75 0
78 0
139 0
57 0
60 0
61 0
64 0
84 0
63 0
57 0
51 0
139 0
50 0
62 0
55 0
64 0
42 0
66 0
55 0
57 0
63 0
74 0
49 0
52 0
49 0
53 0
52 0
44 0
64 0
45 0
54 0
139 0
58 0
56 0
71 0
34 0
59 0
55 0
140 0
68 0
68 0
59 0
52 0
61 0
89 0
55 0
66 0
88 0
80 0
46 0
57 0
76 0
53 0
57 0
55 0
48 0
72 0
88 0
52 0
56 0
70 0
91 0
63 0
65 0
68 0
76 0
139 0
61 0
58 0
58 0
72 0
54 0
61 0
63 0
87 0
104 0
66 0
82 0
66 0
55 0
44 0
78 0
53 0
59 0
75 0
35 0
96 0
67 0
63 0
83 0
74 0
92 0
70 0
87 0
38 0
60 0
67 0
75 0
91 0
99 0
65 0
97 0
59 0
78 0
75 0
52 0
70 0
140 0
90 0
59 0
80 0
71 0
81 0
140 0
85 0
60 0
63 0
60 0
76 0
57 0
139 0
94 0
49 0
96 0
72 0
51 0
99 0
57 0
58 0
108 0
78 0
84 0
66 0
46 0
74 0
76 0
42 0
108 0
80 0
84 0
140 0
76 0
97 0
72 0
135 0
107 0
104 0
71 0
83 0
64 0
92 0
65 0
122 0
75 0
72 0
59 0
62 0
45 0
58 0
124 0
89 0
56 0
64 0
105 0
66 0
69 0
54 0
70 0
65 0
51 0
80 0
67 0
65 0
54 0
54 0
88 0
139 0
67 0
55 0
54 0
58 0
139 0
72 0
61 0
50 0
53 0
75 0
91 0
69 0
45 0
58 0
46 0
62 0
50 0
140 0
55 0
58 0
91 0
91 0
91 0
85 0
63 0
68 0
53 0
61 0
62 0
48 0
53 0
52 0
56 0
139 0
55 0
53 0
61 0
65 0
58 0
74 0
75 0
62 0
132 0
139 0
49 0
63 0
53 0
54 0
74 0
65 0
58 0
89 0
64 0
139 0
72 0
55 0
61 0
59 0
60 0
27 0
111 0
61 0
62 0
66 0
72 0
64 0
48 0
51 0
54 0
67 0
60 0
54 0
64 0
51 0
78 0
104 0
66 0
70 0
62 0
58 0
44 0
64 0
67 0
48 0
66 0
58 0
69 0
57 0
53 0
59 0
64 0
56 0
55 0
53 0
139 0
59 0
63 0
52 0
48 0
48 0
74 0
69 0
139 0
94 0
72 0
50 0
66 0
66 0
47 0
62 0
147 0
59 0
55 0
56 0
64 0
63 0
62 0
72 0
66 0
63 0
56 0
70 0
62 0
62 0
61 0
53 0
68 0
59 0
63 0
72 0
67 0
138 0
72 0
73 0
47 0
51 0
62 0
65 0
46 0
59 0
67 0
59 0
52 0
53 0
47 0
59 0
63 0
85 0
139 0
54 0
78 0
73 0
70 0
63 0
57 0
52 0
46 0
43 0
93 0
55 0
53 0
54 0
76 0
52 0
50 0
59 0
64 0
89 0
76 0
121 0
54 0
46 0
79 0
77 0
50 0
64 0
78 0
65 0
40 0
73 0
48 0
55 0
72 0
50 0
52 0
66 0
54 0
98 0
57 0
70 0
67 0
67 0
70 0
48 0
52 0
78 0
62 0
55 0
55 0
92 0
57 0
69 0
59 0
138 0
63 0
57 0
86 0
51 0
124 0
52 0
61 0
75 0
95 0
52 0
67 0
61 0
77 0
139 0
132 0
44 0
34 0
58 0
75 0
59 0
62 0
50 0
127 0
61 0
58 0
87 0
57 0
125 0
140 0
140 0
139 0
89 0
99 0
64 0
140 0
70 0
83 0
72 0
140 0
117 0
51 0
59 0
113 0
85 0
140 0
123 0
63 0
134 0
132 0
131 0
63 0
140 0
58 0
78 0
55 0
105 0
56 0
140 0
52 0
132 0
123 0
57 0
140 0
51 0
51 0
63 0
101 0
47 0
130 0
69 0
50 0
53 0
76 0
62 0
123 0
28 1
66 0
63 0
61 0
136 0
69 0
136 0
136 0
136 0
57 0
60 0
136 0
96 0
58 0
136 0
53 0
54 0
61 0
43 0
98 0
131 0
58 0
50 0
62 0
60 0
74 0
45 0
136 0
58 0
81 0
101 0
84 0
101 0
111 0
62 0
60 0
138 0
70 0
121 0
49 0
66 0
63 0
69 0
67 0
36 0
57 0
61 1
139 0
70 0
43 0
56 0
63 0
45 0
55 0
62 0
41 0
76 0
73 0
45 0
48 0
63 0
75 0
102 0
63 0
66 0
61 0
71 0
47 0
139 0
64 0
58 0
53 0
67 0
80 0
140 0
55 0
64 0
54 0
102 0
75 0
56 0
72 0
100 0
54 0
140 0
68 0
136 0
52 0
52 0
89 0
139 0
147 0
66 0
121 0
72 0
58 0
70 0
59 0
77 0
61 0
50 0
58 0
84 0
64 0
117 0
1 0
59 0
58 0
64 0
72 0
74 0
82 0
59 0
140 0
56 0
54 0
52 0
55 0
57 0
60 0
53 0
63 0
66 0
60 0
92 0
70 0
76 0
57 0
42 0
60 0
75 0
67 0
48 0
61 0
51 0
140 0
123 1
140 0
80 0
64 0
99 0
84 0
89 0
97 0
84 0
116 0
72 0
136 0
49 0
138 0
61 0
139 0
72 0
93 0
89 0
63 0
71 0
82 0
76 0
57 0
65 0
50 0
139 0
76 0
139 0
98 0
140 0
44 0
66 0
98 0
75 0
61 0
50 0
81 0
71 0
86 0
93 0
58 0
92 0
126 0
66 0
61 0
89 0
78 0
65 0
125 0
118 0
81 0
136 0
129 0
103 0
74 0
47 0
136 0
128 0
121 0
39 0
84 0
98 0
120 0
130 0
58 0
90 0
136 0
136 0
85 0
87 0
63 0
73 0
75 0
33 0
129 0
55 0
69 0
140 0
82 0
133 0
68 0
59 0
72 0
100 0
110 0
105 0
92 0
64 0
138 0
33 0
93 0
75 0
139 0
58 0
69 0
138 0
116 0
44 0
38 0
139 0
140 0
54 0
128 0
55 0
103 0
140 0
83 0
116 0
87 1
140 0
71 0
39 0
75 0
93 0
40 0
113 0
98 0
55 0
96 0
49 0
54 0
69 0
80 0
139 0
67 0
80 0
110 0
67 0
64 1
69 0
139 0
124 0
81 0
19 0
45 0
54 0
39 0
61 0
79 0
45 0
20 0
46 0
49 0
54 0
57 0
58 0
62 0
42 0
58 0
55 0
55 0
11 0
62 0
69 0
63 0
63 0
140 0
139 0
36 0
91 0
70 0
95 0
87 0
27 0
134 0
64 0
59 0
80 0
68 0
72 0
22 0
14 0
50 0
89 0
57 0
55 0
60 0
71 0
59 0
43 0
54 0
56 0
77 0
47 0
64 0
68 0
61 0
78 0
64 0
51 0
65 0
64 0
70 0
68 0
55 0
54 0
51 0
45 0
25 0
32 0
60 0
48 0
88 0
139 0
52 0
56 0
66 0
47 0
66 0
140 0
69 0
42 0
67 0
66 0
44 0
62 0
51 0
52 0
102 0
79 0
139 0
61 0
54 0
114 0
54 0
53 0
63 0
60 0
60 0
64 0
46 0
55 0
56 0
62 0
59 0
84 0
51 0
58 0
51 0
66 0
66 0
55 0
61 0
62 0
70 0
140 0
132 0
82 0
45 0
58 0
90 0
61 0
49 0
62 0
53 0
60 0
54 0
50 0
50 0
60 0
61 0
57 0
58 0
61 0
53 0
56 0
63 0
54 0
115 0
60 0
57 0
51 0
63 0
100 0
52 0
79 0
48 0
107 0
62 0
57 0
54 0
50 0
56 0
59 0
66 0
50 0
60 0
114 0
59 0
55 0
53 0
57 0
62 0
61 0
59 0
138 0
121 0
133 0
53 0
58 0
59 0
53 0
66 0
112 0
40 0
60 0
67 0
68 0
48 0
63 0
62 0
50 0
92 0
60 0
97 0
130 0
72 0
51 0
59 0
77 0
60 0
60 0
62 0
93 0
95 0
74 0
70 0
90 0
51 0
58 0
136 0
100 0
131 0
60 0
134 0
73 0
61 0
61 0
50 0
63 0
66 0
46 0
60 0
48 0
60 0
95 0
43 0
118 0
92 0
51 0
60 0
138 0
52 0
60 0
59 0
89 0
65 0
60 0
49 0
50 0
67 0
60 0
58 0
105 0
127 0
60 0
123 0
53 0
53 0
63 0
60 0
60 0
50 0
53 0
58 0
50 0
14 0
71 0
96 0
72 1
63 0
53 0
45 0
52 0
53 0
56 0
50 0
51 0
56 0
55 0
56 0
51 0
60 0
55 0
61 0
58 0
83 0
61 0
51 0
57 0
44 0
130 0
47 0
63 0
71 0
75 0
59 0
53 0
55 0
90 0
72 0
59 0
58 0
63 0
59 0
53 0
48 0
136 0
65 0
59 0
54 0
86 0
42 1
57 0
60 0
61 0
49 0
65 0
47 0
136 0
57 0
48 0
57 0
55 0
55 0
49 0
61 0
57 0
54 0
58 0
51 0
54 0
60 0
61 0
136 0
79 0
52 0
47 0
68 0
54 0
47 0
61 0
55 0
31 0
61 0
49 0
66 0
110 0
110 1
61 0
57 0
74 0
85 0
85 0
48 0
71 0
41 0
136 0
49 0
52 0
55 0
79 0
53 0
41 1
63 0
63 0
92 0
57 0
129 0
46 0
55 0
132 0
138 0
58 0
54 0
52 0
70 0
105 0
69 0
52 0
45 0
61 0
49 0
64 0
66 0
107 0
63 0
56 0
47 0
49 0
75 0
64 1
61 0
103 0
51 0
66 0
49 0
60 0
47 0
59 0
140 0
66 0
48 0
76 0
67 0
52 0
52 0
47 0
46 0
48 0
55 0
61 0
136 0
55 0
81 0
45 0
70 0
61 0
46 0
60 0
69 0
45 0
60 0
51 0
54 0
42 0
63 0
65 0
57 0
50 0
60 0
50 0
46 0
61 0
65 0
84 0
68 0
136 0
46 0
58 0
48 0
59 0
56 0
138 0
50 0
67 0
63 0
53 0
57 0
44 0
57 0
59 0
82 0
58 0
51 0
51 0
43 0
64 0
52 0
61 0
55 0
136 0
66 0
69 0
51 0
113 0
113 0
54 0
44 0
46 0
59 0
56 0
56 0
58 0
48 0
52 0
55 0
53 0
69 0
51 0
56 0
53 0
54 0
55 0
71 0
64 0
112 0
43 0
112 0
61 0
53 0
63 0
52 0
56 0
55 0
59 0
139 0
53 0
60 0
56 0
53 0
46 0
59 0
66 0
47 0
61 0
121 0
136 0
69 0
136 0
46 0
61 0
72 0
126 1
68 0
61 0
61 0
66 0
56 0
50 0
56 0
46 0
46 0
126 0
47 0
49 0
88 0
94 0
57 0
53 0
105 0
61 0
55 0
54 0
63 0
56 0
58 0
53 0
46 0
60 0
58 0
45 0
40 0
69 0
50 0
53 0
130 0
46 0
52 0
52 0
61 0
57 0
60 0
53 0
71 0
65 0
70 0
140 0
133 1
52 0
61 0
41 0
48 0
139 0
54 0
60 0
45 0
52 0
60 0
51 0
57 0
53 0
52 0
57 0
73 0
52 0
75 0
48 0
54 0
63 0
50 0
47 0
62 0
47 0
59 0
63 0
47 0
140 0
59 0
55 0
55 0
139 0
50 0
56 0
55 0
64 0
45 0
64 0
55 0
93 0
67 0
122 0
59 0
66 0
56 0
51 0
56 0
56 0
53 0
64 0
57 0
140 0
55 0
68 0
71 0
44 0
70 0
61 0
63 0
44 0
54 0
73 0
51 0
65 0
55 0
38 0
54 0
56 0
50 0
140 0
58 0
58 0
73 0
61 0
58 0
55 0
65 0
65 0
64 0
53 0
47 0
125 0
45 0
41 0
62 0
53 0
65 0
60 0
45 0
61 0
60 0
60 0
93 0
51 0
55 0
55 0
50 0
55 0
50 0
55 0
59 0
62 0
115 0
55 0
53 0
69 0
53 0
57 0
55 0
60 0
62 0
102 0
63 0
54 0
47 0
104 0
47 0
57 0
56 0
53 0
52 0
57 0
66 0
49 0
111 0
64 0
60 0
41 0
63 0
96 0
65 0
73 0
65 0
133 0
68 0
62 0
59 0
59 0
52 0
56 0
108 0
57 0
52 0
106 0
86 0
70 0
58 0
137 0
69 0
45 0
56 0
49 0
47 0
72 0
63 0
45 0
58 0
62 0
59 0
139 0
140 0
47 0
55 0
57 0
54 0
61 0
59 0
46 0
48 0
52 0
57 0
49 0
42 0
59 0
72 0
53 0
47 0
55 0
48 0
60 0
88 0
112 0
29 0
131 0
63 0
51 0
60 0
58 0
56 0
48 0
133 0
60 0
99 0
111 0
49 0
53 0
50 0
63 0
59 0
57 0
52 0
64 0
81 0
65 0
54 0
110 0
60 0
59 0
55 0
53 0
58 0
59 0
58 0
51 0
49 0
50 0
60 0
43 0
55 0
119 1
60 0
55 0
50 0
50 0
54 0
48 0
66 0
63 0
66 0
57 0
57 0
66 0
51 0
44 0
60 0
69 0
53 0
59 0
48 0
62 0
51 0
55 0
61 0
140 0
51 0
70 0
61 0
45 0
61 0
49 0
35 0
117 0
49 0
56 0
44 0
55 0
46 0
137 0
55 0
54 0
58 0
58 0
53 0
73 0
57 0
54 0
84 0
55 0
69 0
82 0
85 0
138 0
60 0
65 0
78 0
70 0
60 0
75 0
104 0
82 0
66 0
78 0
27 0
112 0
69 0
112 0
87 0
97 0
136 0
74 0
82 0
78 0
122 0
84 0
123 0
136 0
136 0
136 0
109 0
87 0
137 0
50 0
80 0
136 0
43 0
54 0
112 0
56 0
49 0
56 0
83 0
81 0
56 0
121 0
67 0
34 0
138 0
61 0
90 0
27 0
140 0
111 0
48 0
50 0
136 0
69 0
139 0
83 0
132 0
50 0
140 1
77 0
67 0
136 0
61 0
137 0
89 0
110 0
68 0
64 0
82 0
69 0
68 0
71 0
51 0
50 0
63 0
65 0
50 0
90 0
58 0
103 0
118 0
140 0
51 0
78 0
80 0
59 0
56 0
72 0
138 0
67 0
48 0
69 0
94 0
41 0
65 0
136 0
87 0
40 1
50 0
69 0
76 0
121 0
49 0
138 0
74 0
48 0
74 0
71 0
68 0
61 0
65 0
125 0
139 0
46 0
77 0
38 0
109 0
91 0
62 0
136 0
70 0
136 0
79 0
68 0
138 0
125 0
136 0
113 0
136 0
108 0
114 0
134 0
23 0
108 0
68 0
107 0
50 0
68 0
62 0
136 0
121 0
83 0
136 0
70 0
63 0
136 0
33 0
136 0
55 0
72 0
94 0
136 0
59 0
116 0
90 0
53 0
41 0
126 0
102 0
50 0
77 0
140 0
69 0
125 0
67 0
72 0
38 0
107 0
99 0
91 0
101 0
61 0
136 0
136 0
84 0
91 0
86 0
91 0
92 0
61 0
76 0
91 0
136 0
135 0
82 0
64 0
23 1
75 0
54 0
56 0
92 0
69 0
92 0
135 0
139 0
81 0
48 0
72 0
72 0
66 0
92 0
48 0
57 0
92 0
101 0
92 0
74 0
140 0
124 0
60 0
140 0
116 0
54 0
84 0
93 0
80 0
83 0
63 0
56 0
79 0
56 0
80 0
84 0
127 0
137 0
63 0
82 0
45 0
42 0
80 0
95 0
55 0
50 0
50 0
42 0
38 0
55 0
98 0
100 0
135 0
78 0
97 0
69 0
70 0
135 0
140 0
34 0
102 0
137 0
57 0
49 0
100 0
73 0
105 0
137 0
84 0
107 0
108 0
55 0
136 0
54 0
88 0
71 0
86 0
66 0
59 0
64 0
41 0
59 0
73 0
67 0
131 0
106 0
74 0
140 0
62 0
61 0
73 0
58 0
140 0
39 0
61 0
88 0
97 0
64 0
78 0
81 0
94 0
79 0
59 0
66 0
59 0
77 0
57 0
70 0
136 0
136 0
51 0
54 0
74 0
62 0
71 0
34 0
136 0
135 0
104 0
64 0
85 0
136 0
136 0
136 0
38 0
120 0
50 0
75 0
75 0
75 0
47 0
131 0
82 0
132 0
136 0
134 0
80 0
45 0
79 0
105 0
52 0
57 0
44 0
133 0
64 0
70 0
101 0
63 0
43 0
59 0
67 0
120 0
26 0
34 0
57 0
35 0
36 0
75 0
84 0
59 0
76 0
76 0
92 0
31 0
51 0
132 0
64 0
115 0
90 0
41 0
57 0
90 0
75 0
75 0
95 0
95 0
41 0
32 0
131 1
136 0
48 0
55 0
55 0
109 0
51 0
60 0
52 0
117 0
85 0
85 0
85 0
71 0
136 0
54 0
136 0
128 0
63 0
76 0
50 0
137 0
83 0
83 0
78 0
60 0
83 0
39 0
58 0
134 0
73 0
66 0
121 0
61 0
72 0
110 0
59 0
68 0
40 0
66 0
136 0
89 0
89 0
89 0
136 0
73 0
72 0
64 0
95 0
54 0
102 0
54 0
100 0
100 0
109 0
53 0
80 0
79 0
136 0
136 0
136 0
37 0
77 0
59 0
76 0
136 0
75 0
63 0
71 0
82 0
55 0
132 0
136 0
136 0
123 1
81 0
35 0
128 0
106 0
82 0
75 0
60 0
55 0
112 0
28 0
71 0
115 0
82 0
66 0
140 0
68 0
30 0
69 0
91 0
115 0
97 0
85 0
109 0
86 0
81 0
70 0
80 0
31 0
133 0
47 0
61 0
138 0
46 0
74 0
51 0
62 0
134 0
131 0
65 0
62 0
79 0
95 0
49 0
139 0
69 0
136 0
78 0
63 0
114 1
140 0
54 0
63 0
130 0
128 0
54 0
98 1
91 0
107 0
43 0
66 0
140 0
79 0
90 0
86 0
73 0
132 0
50 0
94 0
140 0
117 0
55 0
77 0
90 0
85 0
75 0
55 0
51 0
122 0
122 0
45 0
109 0
78 0
103 0
80 0
135 0
62 0
76 0
56 0
54 0
125 0
70 0
137 0
60 0
66 0
63 0
136 0
72 0
76 0
88 0
100 0
52 1
33 1
54 1
128 0
114 0
52 0
42 0
53 0
132 0
117 0
110 0
82 0
99 0
75 0
61 0
136 1
72 0
81 0
111 0
101 0
55 0
116 0
66 0
95 0
63 0
70 0
116 0
109 0
131 0
80 0
94 0
62 0
52 0
22 1
58 0
64 0
54 0
77 0
140 0
130 0
136 0
136 0
136 0
89 0
40 0
92 0
87 0
102 0
94 0
111 0
136 0
60 0
106 0
70 0
135 0
69 0
110 0
136 0
77 0
139 1
135 0
65 0
63 0
62 0
118 0
113 0
60 0
136 0
87 0
63 0
44 0
136 0
138 0
97 1
117 0
77 0
86 0
64 0
110 0
72 0
140 0
136 0
102 0
136 0
120 0
65 0
102 0
126 0
74 0
106 0
107 0
58 0
137 0
140 0
72 0
59 0
136 0
74 0
61 0
68 0
64 0
136 0
91 0
78 0
136 0
136 0
86 0
122 0
59 0
89 0
64 0
130 1
54 0
79 0
128 0
51 0
76 0
73 0
136 0
78 0
92 0
140 0
51 0
140 0
129 0
97 0
75 0
85 0
113 0
113 0
75 0
128 0
121 0
101 0
77 0
86 0
113 0
48 0
65 0
86 0
60 0
133 0
76 0
68 0
70 0
50 0
60 0
73 0
65 0
97 0
67 0
62 0
72 0
63 0
134 0
126 1
100 0
135 0
68 0
122 0
26 0
62 0
110 0
87 0
64 0
85 0
63 0
56 0
75 0
101 0
46 0
112 0
112 0
82 0
81 0
102 0
67 0
74 0
68 0
83 0
50 0
58 0
90 0
47 0
118 0
30 0
50 0
81 0
100 0
24 0
55 0
56 0
77 0
68 0
71 0
145 0
52 0
71 0
77 0
89 0
75 0
58 0
76 1
86 0
69 0
47 0
97 0
50 0
57 0
138 0
47 0
61 0
140 0
114 0
55 0
131 0
136 0
134 0
59 0
137 0
50 0
92 0
55 0
62 0
115 0
128 1
82 0
140 0
45 0
49 0
34 0
67 0
61 0
124 0
80 0
112 0
98 0
134 0
89 0
76 0
70 0
112 0
140 0
100 0
132 0
139 0
62 0
73 0
103 0
96 0
40 0
84 0
139 0
124 0
75 0
60 0
61 0
123 0
96 0
128 1
140 0
62 0
49 0
64 0
67 0
71 0
42 0
58 0
140 0
89 0
83 0
134 0
140 0
76 0
62 0
128 0
60 0
74 0
140 0
136 0
115 0
116 0
49 0
65 0
136 0
60 0
65 0
140 0
101 0
66 0
44 1
49 0
82 0
85 0
80 0
55 0
53 0
52 0
73 0
140 0
65 0
135 0
120 0
140 0
69 0
102 0
59 0
93 0
69 0
59 0
49 0
100 0
86 0
79 0
138 0
112 0
97 0
140 0
153 0
71 0
54 0
72 0
54 0
71 0
134 0
62 0
69 0
56 0
67 0
47 0
47 0
37 0
57 0
91 0
53 0
55 0
75 0
140 0
53 0
110 0
86 0
50 0
70 0
67 0
140 0
73 0
80 0
63 0
73 0
68 0
77 0
59 1
133 0
59 0
105 1
139 0
63 0
45 0
75 0
73 0
69 0
61 0
56 0
91 0
93 0
92 0
60 0
72 0
98 0
74 0
68 0
58 0
86 0
79 0
81 0
56 0
72 0
74 0
81 0
72 0
61 0
70 0
99 0
57 0
71 0
91 0
92 0
60 0
58 0
77 0
50 0
77 0
113 0
81 0
81 0
60 0
104 0
63 0
95 0
34 0
51 0
94 0
52 0
89 0
86 0
70 0
81 0
72 0
56 0
47 0
61 0
47 0
84 0
49 0
71 0
140 0
56 0
120 0
140 0
56 0
54 0
92 0
122 0
143 0
73 0
75 0
73 0
78 0
70 0
55 0
87 0
138 0
17 0
140 0
57 0
67 0
75 0
113 0
60 0
63 0
74 0
76 0
91 0
51 0
60 0
109 0
94 0
106 0
129 0
80 0
95 0
95 0
103 0
133 0
115 0
105 1
84 0
56 0
56 0
84 0
138 0
136 0
97 0
11 0
110 0
113 0
65 0
70 0
71 0
65 0
60 0
47 0
78 0
40 0
59 0
64 0
57 0
62 0
64 0
47 0
67 0
52 0
113 0
99 0
43 0
128 0
131 0
121 0
39 1
96 0
57 0
70 0
130 0
48 1
121 0
75 0
107 0
63 0
104 0
71 0
32 0
59 0
77 0
77 0
62 0
115 0
42 0
136 0
64 0
70 0
140 0
107 0
30 0
110 0
54 0
71 0
89 0
109 0
54 0
131 0
133 0
66 0
53 0
135 0
101 0
60 0
82 0
139 0
78 0
68 0
52 0
134 0
133 0
68 0
48 0
131 0
47 0
39 0
84 0
133 0
133 0
144 0
71 0
98 0
38 0
69 0
127 0
120 0
69 0
136 0
90 0
76 0
44 1
71 0
56 0
75 0
57 0
63 0
83 0
73 0
70 0
140 0
57 0
97 0
140 0
85 0
90 0
62 0
127 0
106 0
85 0
52 0
59 0
91 0
96 0
54 0
71 0
73 0
140 0
67 0
85 0
78 0
54 0
74 0
113 0
64 0
59 0
64 0
140 0
49 0
110 0
110 0
132 0
70 0
105 0
115 0
136 0
118 0
64 0
61 0
64 0
131 0
57 0
60 0
140 0
84 0
100 0
127 0
140 0
121 0
57 0
66 0
75 0
69 0
131 0
93 0
132 0
73 0
120 0
70 0
69 0
64 0
28 0
112 0
136 0
68 0
93 0
90 0
93 0
128 1
67 0
70 0
74 0
73 0
56 0
83 0
130 0
61 0
62 0
67 0
54 0
135 0
113 0
91 0
106 0
61 0
64 0
136 0
100 0
83 0
140 0
140 0
35 0
136 0
49 0
74 0
117 0
100 0
134 0
115 0
69 0
98 0
107 0
86 0
106 0
80 0
116 1
136 0
63 0
103 0
140 0
140 0
98 0
51 0
107 0
127 0
127 0
70 0
78 0
46 0
30 1
95 0
111 0
81 0
61 0
74 0
103 0
103 0
136 1
48 0
136 0
140 0
101 0
87 0
106 0
126 0
50 0
33 0
140 0
140 0
64 0
48 0
74 0
135 0
112 0
61 0
124 0
50 0
56 1
113 0
55 0
34 0
76 0
61 0
88 1
71 0
81 0
76 0
101 0
51 0
85 0
125 0
96 0
49 0
135 0
83 0
114 0
66 0
67 0
59 0
57 0
56 0
34 0
68 0
69 0
55 0
62 0
46 0
136 0
37 0
74 0
62 0
136 0
65 0
80 0
50 0
48 0
99 0
123 0
127 0
52 0
54 0
18 0
46 0
113 0
38 0
109 0
140 0
64 0
88 0
66 0
84 0
99 0
77 0
61 0
125 0
88 0
77 0
109 0
45 0
109 0
65 0
71 0
66 0
136 0
136 0
136 0
58 0
140 0
100 0
140 0
75 0
110 1
139 0
83 0
49 0
136 0
107 0
136 0
67 0
47 0
120 0
136 0
99 0
55 0
59 0
60 0
77 0
100 0
51 0
114 0
98 0
95 0
117 0
96 0
86 0
68 0
48 0
134 0
74 0
70 0
140 0
54 0
53 0
57 0
70 0
108 0
82 0
58 0
73 0
47 0
58 0
60 0
51 0
57 0
64 0
140 0
76 0
74 0
73 0
140 0
136 0
136 0
136 0
62 0
71 0
78 0
58 0
140 0
78 0
47 0
68 0
46 0
134 0
126 0
140 0
72 0
60 0
136 0
60 0
56 0
97 0
92 0
117 0
78 0
61 0
56 0
31 0
22 0
47 0
45 0
60 0
91 0
60 0
71 0
68 0
140 0
73 0
104 0
48 0
129 0
61 0
53 0
60 0
60 0
68 0
70 0
61 0
134 0
51 0
105 0
53 0
45 0
136 0
136 0
49 0
74 0
121 0
44 0
57 0
60 0
74 0
69 0
78 0
81 0
45 0
51 0
136 0
77 0
76 0
91 0
61 0
58 0
50 0
138 0
57 0
95 0
70 0
41 0
138 0
73 0
47 0
57 0
85 0
62 0
138 0
62 0
68 0
46 0
79 0
58 0
77 0
122 0
69 0
124 0
88 0
123 0
137 0
133 0
75 0
73 0
94 0
89 0
59 0
69 0
76 0
77 0
98 0
59 0
59 0
65 0
74 0
51 0
61 0
77 0
60 0
66 0
47 0
67 0
71 0
79 0
58 0
136 0
136 0
136 0
136 0
67 0
25 0
71 0
59 0
98 0
96 0
122 0
66 0
66 0
66 0
85 0
53 0
59 0
59 0
123 0
131 0
130 0
63 0
46 0
102 0
64 0
68 0
132 0
106 0
99 0
47 0
67 0
58 0
54 0
94 0
136 0
65 0
48 0
48 0
136 0
134 0
42 0
137 0
53 0
79 0
66 0
128 0
61 0
117 0
140 0
96 0
67 0
94 0
78 1
51 0
109 0
71 0
67 0
85 0
57 0
101 0
44 0
85 0
89 0
66 0
101 0
39 0
58 0
101 0
65 0
136 0
63 0
33 1
93 0
80 0
49 0
54 0
66 0
81 0
63 0
68 0
54 0
140 0
62 0
54 0
38 0
94 0
94 0
48 0
76 0
57 0
136 0
64 0
55 0
80 0
54 0
52 0
45 0
66 0
70 0
52 0
53 0
43 0
54 0
53 0
78 0
56 0
60 0
62 0
52 0
57 0
91 0
91 0
61 0
59 0
66 0
67 0
44 0
56 0
56 0
114 0
139 1
140 1
63 0
72 0
116 0
54 0
61 0
57 0
62 0
58 0
55 0
42 0
57 0
87 0
68 0
62 0
86 0
49 0
136 0
65 0
115 0
80 0
74 0
57 0
51 0
78 0
51 0
62 0
134 0
140 0
102 0
109 0
95 0
49 0
49 0
98 0
68 0
53 0
126 0
48 0
59 0
121 0
121 0
55 0
61 0
50 0
133 0
102 0
138 0
103 0
101 1
110 0
50 0
96 0
111 0
53 0
140 0
45 0
53 0
64 0
76 0
67 0
69 0
46 0
23 0
113 0
59 0
53 0
57 0
60 0
78 0
53 0
94 0
49 0
50 0
61 0
83 0
54 0
54 0
70 0
45 0
46 0
76 0
54 0
54 0
57 0
46 0
59 0
109 0
139 0
72 0
79 0
137 0
70 0
54 0
59 0
64 0
61 0
48 0
74 0
62 0
55 0
135 0
62 0
73 0
53 0
84 0
70 0
86 0
61 0
62 0
70 0
74 0
136 0
68 0
62 0
53 0
46 0
49 0
38 0
80 0
137 0
115 0
105 0
104 0
46 0
140 0
106 0
38 1
119 0
47 0
48 0
65 0
58 0
68 0
67 0
60 1
62 0
104 0
104 0
84 0
75 0
59 0
51 0
45 0
49 0
52 0
64 0
43 0
118 0
48 0
80 0
47 0
45 0
88 0
136 0
67 0
71 0
83 0
73 0
73 0
45 0
48 0
44 0
80 0
49 0
71 0
60 0
51 0
73 0
68 0
63 0
111 0
50 0
97 0
84 0
79 0
92 0
94 0
50 0
85 0
108 0
101 0
87 0
89 0
90 0
77 0
108 0
58 0
93 0
105 0
50 0
49 0
61 0
65 0
48 0
77 0
79 0
84 0
74 0
46 0
54 0
83 0
83 0
136 0
91 0
93 0
83 0
89 0
78 0
89 0
120 0
78 0
77 0
62 0
58 0
136 0
58 0
59 0
39 0
44 0
38 0
66 0
38 0
75 0
75 0
78 0
53 0
87 0
74 0
60 0
77 0
54 0
48 0
45 0
60 0
44 0
61 0
73 0
73 0
45 0
55 0
38 0
48 0
38 0
38 0
38 0
54 0
38 0
62 0
53 0
48 0
38 0
42 0
48 0
48 0
48 0
59 0
51 0
60 0
38 0
54 0
60 0
48 0
54 0
53 0
48 0
53 0
42 0
58 0
45 0
73 0
57 0
50 0
56 0
54 0
55 0
49 0
54 0
42 0
42 0
48 0
79 0
47 0
49 0
47 0
53 0
44 0
48 0
48 0
49 0
58 0
55 0
48 0
72 0
45 0
46 0
55 0
46 0
48 0
67 0
67 0
67 0
43 0
43 0
48 0
47 0
54 0
36 0
46 0
47 0
46 0
48 0
50 0
48 0
136 0
136 0
136 0
62 0
58 0
53 0
45 0
48 0
49 0
61 0
48 0
48 0
52 0
49 0
69 0
44 0
45 0
58 0
42 0
74 0
74 0
74 0
45 0
51 0
52 0
57 0
45 0
42 0
44 0
43 0
47 0
46 0
48 0
54 0
54 0
48 0
50 0
46 0
46 0
50 0
45 0
46 0
44 0
49 0
48 0
71 0
52 0
72 0
50 0
50 0
48 0
66 0
50 0
56 0
53 0
46 0
54 0
42 0
49 0
62 0
56 0
50 0
45 0
51 0
56 0
53 0
54 0
47 0
43 0
95 0
58 0
61 0
46 0
58 0
54 0
47 0
48 0
45 0
59 0
49 0
43 0
46 0
51 0
45 0
54 0
45 0
36 0
43 0
42 0
51 0
46 0
45 0
42 0
45 0
46 0
43 0
44 0
52 0
43 0
137 0
45 0
48 0
49 0
62 0
86 0
42 0
54 0
43 0
36 0
50 0
51 0
47 0
54 0
46 0
47 0
86 0
64 0
57 0
57 0
60 0
51 0
65 0
133 0
57 0
134 0
56 0
86 0
65 0
56 0
97 0
140 0
68 0
136 0
71 0
40 0
59 0
58 0
68 0
73 0
63 0
75 0
44 0
53 0
62 0
69 0
108 0
59 0
53 0
56 0
53 0
42 0
108 0
72 0
126 0
46 0
79 0
68 0
59 0
64 0
67 0
103 0
56 0
46 0
52 0
44 0
90 0
57 0
44 0
61 0
37 0
57 0
47 0
55 0
67 0
57 0
70 0
77 0
51 0
128 0
78 0
64 0
65 0
64 0
60 0
136 0
51 0
60 0
53 0
48 0
75 0
64 0
68 0
77 0
62 0
74 0
83 0
88 0
52 0
116 0
55 0
101 0
62 0
49 0
62 0
136 0
64 0
98 0
67 0
69 0
41 0
41 0
71 0
65 0
52 0
56 0
58 0
140 0
84 0
71 0
66 0
64 1
46 0
45 0
77 0
73 0
60 0
77 0
56 0
64 0
89 0
89 0
77 0
51 0
49 0
69 0
113 0
55 0
89 0
47 0
39 0
64 0
57 0
48 0
43 0
70 0
81 0
54 0
62 0
60 0
56 0
109 0
78 0
69 0
86 0
133 0
44 0
48 0
70 0
87 0
48 0
45 0
116 0
79 0
86 0
69 0
53 0
56 0
83 0
107 0
116 0
31 0
43 0
102 0
34 0
48 0
93 0
63 0
74 0
77 0
19 0
75 0
50 0
64 0
56 0
63 0
102 0
74 0
84 0
136 0
136 0
136 0
62 0
50 0
57 0
56 0
55 0
44 0
48 0
62 0
43 0
58 0
43 0
46 0
52 0
54 0
49 0
136 0
51 0
71 0
64 0
51 0
66 0
78 0
63 0
68 0
56 0
55 0
59 0
71 0
35 0
52 0
55 0
54 0
70 0
50 0
48 0
46 0
55 0
51 0
45 0
44 0
136 0
45 0
54 0
38 0
52 0
64 0
67 0
72 0
71 0
70 0
49 0
47 0
44 0
49 0
44 0
75 0
75 0
75 0
48 0
136 0
80 0
54 0
47 0
45 0
53 0
65 0
44 0
52 0
52 0
136 0
49 0
49 0
82 0
50 0
44 0
47 0
46 0
44 0
44 0
43 0
57 0
55 0
49 0
64 0
58 0
48 0
40 0
54 0
53 0
65 0
65 0
118 0
82 0
82 0
49 0
93 0
50 0
57 0
56 0
93 0
77 0
116 0
67 0
71 0
63 0
99 0
48 0
70 0
59 0
54 0
69 0
63 0
59 0
51 0
68 0
50 0
67 0
99 0
53 0
69 0
49 0
136 0
72 0
115 0
67 0
51 0
57 0
22 0
69 0
48 0
69 0
56 0
68 0
96 0
51 0
61 0
53 0
82 0
45 0
75 0
75 0
55 0
53 0
136 0
78 0
97 0
79 0
107 0
55 0
55 0
105 0
61 0
84 0
57 0
50 0
62 0
69 0
61 0
63 0
104 0
99 0
98 0
62 0
51 0
54 0
48 0
65 0
60 0
97 0
99 0
62 0
91 0
70 0
50 0
51 0
74 0
66 0
78 0
53 0
64 0
75 0
68 0
75 0
56 0
71 0
54 0
101 0
140 0
67 0
130 0
116 0
81 0
72 0
137 0
120 0
132 0
65 0
72 0
65 0
46 0
57 0
54 0
75 0
72 0
136 0
58 0
70 0
69 0
61 0
61 0
55 0
64 0
75 0
50 0
60 0
83 0
56 0
52 0
51 0
47 0
63 0
47 0
61 0
58 0
50 0
75 0
71 0
57 0
32 0
55 0
67 0
57 0
88 0
60 0
57 0
70 0
42 0
60 0
56 0
50 0
68 0
71 0
64 0
81 0
68 0
121 0
49 0
53 0
45 0
140 0
48 0
121 0
56 0
53 0
51 0
47 0
59 0
67 0
56 0
37 0
140 0
64 0
140 0
140 0
87 0
109 0
107 0
102 0
93 0
89 0
96 0
97 0
52 0
96 0
102 0
88 0
61 0
99 0
93 0
52 0
50 0
120 1
55 0
120 0
96 0
93 0
93 0
103 0
84 0
83 0
100 0
93 0
82 0
87 0
48 0
135 0
114 0
108 0
99 0
93 0
94 0
102 0
107 0
80 0
57 0
126 0
64 0
63 0
137 0
67 0
86 0
42 0
112 0
69 0
138 0
133 0
80 0
63 0
42 0
42 0
129 0
51 0
42 0
49 0
61 0
40 0
40 0
47 0
70 0
54 0
136 0
114 0
49 0
47 0
140 0
42 0
42 0
118 0
107 0
97 0
121 0
136 0
139 0
42 0
28 0
42 0
42 0
140 0
108 0
140 0
51 0
42 0
53 0
80 0
42 0
52 0
69 0
42 0
52 0
54 0
89 1
58 0
49 0
48 0
61 1
48 0
60 0
75 0
68 0
58 0
58 0
66 0
79 0
53 0
47 0
56 0
57 0
122 0
139 0
66 0
96 0
59 0
53 0
59 0
50 0
48 0
72 0
49 0
39 0
65 0
60 0
57 0
50 0
58 0
57 0
59 0
56 0
47 0
58 0
55 0
113 0
115 0
55 0
63 0
58 0
49 0
128 0
58 0
129 0
123 0
74 0
62 0
111 0
122 0
60 0
88 0
64 0
43 0
137 0
75 0
101 0
61 0
40 0
67 0
133 0
44 0
72 0
61 0
140 0
131 0
83 0
87 0
95 0
108 0
78 0
32 0
76 0
137 0
92 0
65 0
99 0
47 0
80 0
40 0
58 0
134 0
77 0
75 0
55 0
76 0
140 0
55 0
126 0
60 0
65 0
137 1
128 0
140 0
28 0
124 0
140 0
63 0
133 0
93 0
55 0
59 0
61 0
42 0
47 0
62 0
69 0
138 0
48 0
45 0
140 0
54 0
81 0
65 0
52 0
137 0
130 0
53 0
28 0
122 0
65 0
84 0
71 0
136 0
127 0
133 0
139 0
53 0
58 0
72 0
69 0
34 0
41 0
118 0
134 1
26 1
132 0
140 0
135 0
67 0
40 0
129 1
101 0
18 0
112 0
61 0
68 0
67 0
88 0
62 0
81 0
30 1
71 0
119 0
106 0
53 0
57 0
138 0
133 0
64 0
91 0
46 0
107 0
65 0
62 0
105 0
64 0
59 0
66 0
60 0
75 0
67 0
101 0
137 1
99 0
128 0
64 0
62 0
129 0
106 0
75 0
67 0
140 0
140 0
82 0
34 0
133 0
130 0
108 0
59 0
58 0
57 0
59 0
55 0
108 0
64 0
69 0
111 0
77 0
50 0
91 0
72 0
90 0
55 0
23 0
74 0
19 1
24 0
74 0
62 0
38 1
136 0
59 0
54 0
65 0
60 0
140 0
52 0
39 0
111 0
77 0
57 0
44 0
63 0
62 0
54 0
64 0
130 0
77 0
56 0
50 0
79 0
79 0
65 0
109 0
48 0
42 0
69 0
136 0
69 0
50 0
63 0
44 0
40 0
134 0
53 0
114 0
137 0
101 0
125 0
103 0
140 0
85 0
60 0
115 0
71 1
106 0
76 0
53 0
62 0
52 0
65 0
93 0
136 0
121 0
95 0
112 0
127 0
125 0
89 0
140 0
53 0
56 0
55 0
92 0
68 0
140 0
112 0
52 0
116 0
102 0
70 0
53 1
51 0
70 0
140 0
57 0
55 0
136 0
102 0
116 0
71 0
54 0
56 0
56 0
66 0
53 0
48 0
53 0
87 0
97 0
50 0
51 0
66 0
44 0
115 0
62 0
72 0
140 0
135 0
123 0
66 0
70 0
53 0
42 0
48 0
58 0
58 0
57 0
50 0
47 0
70 0
50 0
49 0
74 0
65 0
53 0
102 0
54 0
140 0
62 0
61 0
80 0
80 0
63 0
131 0
136 0
99 0
106 0
86 0
98 0
92 0
85 0
140 0
60 0
43 0
43 0
53 0
88 0
60 0
47 0
59 0
56 0
108 0
59 0
62 0
43 0
43 0
43 0
43 0
57 0
53 0
50 0
43 0
43 0
57 0
49 0
59 0
63 0
50 0
77 0
51 0
59 0
57 0
54 0
54 0
59 0
35 0
41 0
34 0
34 0
49 0
61 0
34 0
57 0
57 0
56 0
43 0
62 0
53 0
71 0
136 0
77 0
59 0
136 0
66 0
46 0
55 0
86 0
61 0
64 0
50 0
89 0
65 0
68 0
40 0
113 0
72 0
93 0
117 0
93 0
70 0
58 0
83 0
97 0
102 0
80 0
61 0
55 0
50 0
46 0
57 0
59 0
140 0
58 0
66 0
88 0
87 0
50 0
103 0
40 0
134 0
137 0
68 0
41 0
29 0
82 0
67 0
62 0
54 0
137 0
56 0
56 0
89 0
121 0
90 0
129 0
85 0
104 0
55 0
51 0
128 0
52 0
114 0
51 0
42 0
63 0
63 0
80 0
71 0
62 0
62 0
60 0
80 0
63 0
67 0
63 0
60 0
61 0
72 0
60 0
47 0
138 0
86 0
46 0
89 0
83 0
133 0
50 0
138 0
46 0
46 0
46 0
113 0
78 0
61 0
46 0
80 0
46 0
62 0
46 0
52 0
136 0
93 0
94 0
54 0
136 0
57 0
48 0
43 0
75 0
89 0
66 0
78 0
60 0
51 0
52 0
75 0
66 0
138 0
59 0
121 0
63 0
63 0
87 0
69 0
60 0
110 0
41 0
137 0
78 0
45 0
136 0
136 0
136 0
67 0
90 0
98 0
75 0
54 0
140 0
55 0
140 0
111 0
130 0
101 0
140 0
90 0
119 0
66 0
136 1
140 0
56 0
45 0
56 0
72 0
119 0
75 0
103 0
70 0
50 0
71 0
85 0
121 0
72 0
73 0
33 0
63 0
55 0
84 0
115 0
39 0
51 0
62 0
77 0
72 0
61 0
84 0
136 0
87 0
92 0
115 0
58 0
96 0
50 1
66 0
66 0
44 0
54 0
54 0
74 0
62 0
50 0
136 0
119 0
72 0
55 0
66 0
52 0
53 0
55 0
136 0
63 0
55 0
53 0
58 0
51 0
72 0
78 0
68 0
63 0
94 0
137 0
22 0
127 0
96 0
54 0
100 0
110 0
78 0
48 0
39 0
128 0
136 0
136 0
136 0
112 0
136 0
136 0
125 0
130 0
136 0
136 0
49 0
82 0
103 0
18 0
98 0
70 0
59 0
84 0
121 0
65 0
97 0
54 0
74 0
58 0
90 0
69 0
55 0
107 0
74 0
90 0
78 0
101 0
113 0
71 0
64 0
66 0
106 0
90 0
70 0
66 0
94 0
96 0
69 0
70 0
58 0
65 0
77 0
103 0
57 0
54 0
125 0
64 0
85 0
57 0
73 0
73 0
73 0
57 0
46 0
101 0
46 0
98 0
46 0
46 0
46 0
79 0
46 0
46 0
69 0
83 0
51 0
64 0
75 0
65 0
59 0
64 0
62 0
59 0
70 0
62 0
64 0
70 0
70 0
79 0
136 0
93 0
89 0
45 0
64 0
57 0
81 0
61 0
136 0
136 0
136 0
89 0
79 0
75 0
70 0
85 0
104 0
89 0
131 0
138 0
114 0
136 0
95 0
95 0
94 0
91 0
80 0
73 0
19 0
140 0
52 0
84 0
76 0
22 0
40 0
86 0
64 0
134 0
73 0
134 0
136 0
31 0
38 0
58 0
50 0
78 0
84 0
132 0
115 0
127 0
136 0
53 0
120 0
136 0
1 0
85 0
83 0
136 0
140 0
74 0
105 0
101 0
54 0
113 0
47 0
77 0
137 0
47 0
140 0
106 0
119 0
44 0
128 0
138 0
103 0
85 0
41 0
93 0
64 0
123 1
131 0
134 0
122 0
37 0
88 0
133 0
91 0
87 0
86 0
140 0
95 0
105 0
33 0
83 0
59 0
44 0
114 0
86 0
95 0
110 0
131 0
76 0
136 0
46 0
43 0
120 0
56 0
55 0
30 0
75 0
104 0
61 0
59 0
140 0
125 0
63 0
96 0
60 0
45 0
41 0
126 0
83 0
73 0
10 0
30 0
26 0
128 0
58 0
140 0
48 0
136 0
45 0
24 0
9 0
140 0
121 0
66 0
123 0
140 0
111 0
83 0
75 0
64 0
103 0
108 0
42 0
74 0
80 0
13 0
83 0
84 0
71 0
58 0
64 0
75 0
48 0
72 0
89 0
94 0
90 0
139 0
71 0
94 0
62 0
68 0
138 0
138 0
140 0
110 0
96 0
52 0
119 0
43 0
74 0
20 0
83 0
72 0
112 1
114 0
54 0
57 0
93 0
110 0
63 0
103 0
57 0
65 0
140 0
49 0
49 1
87 0
61 0
140 0
60 0
79 0
86 0
45 0
105 0
99 0
16 0
42 0
52 0
68 0
61 0
103 0
136 0
136 0
136 0
136 0
54 0
61 0
38 0
84 0
84 0
90 0
47 0
47 0
140 0
133 0
38 0
109 0
47 0
96 0
96 0
90 0
136 0
130 0
43 0
140 0
137 0
116 1
28 0
70 0
111 0
84 0
140 0
132 0
86 0
140 0
31 0
74 0
132 0
140 0
59 0
135 0
121 0
99 0
40 1
41 0
82 0
91 0
80 0
140 0
118 0
26 0
103 1
32 0
126 0
138 0
136 0
140 0
59 0
70 0
106 0
73 0
70 0
94 0
109 0
58 0
89 0
62 0
84 0
88 0
100 0
38 0
23 0
34 0
39 0
32 0
131 0
44 0
120 0
112 0
134 0
22 0
134 0
140 0
114 0
53 0
67 0
75 0
140 0
85 0
136 0
131 0
59 0
58 0
71 0
106 0
93 0
81 0
91 0
78 0
131 0
43 1
134 0
83 0
114 0
57 0
90 0
139 0
61 0
94 0
81 0
140 0
140 0
71 0
77 0
44 0
60 0
108 1
68 0
77 0
85 0
83 0
77 0
138 0
86 0
77 0
94 0
96 0
77 0
137 0
86 0
86 0
63 0
50 0
136 0
126 0
117 0
109 0
123 0
89 0
124 0
81 0
66 0
106 0
99 1
53 0
102 0
130 0
90 0
79 0
121 0
95 0
80 0
85 0
136 0
76 0
125 0
96 0
43 0
82 0
133 0
40 0
68 0
73 0
87 0
131 0
76 0
140 0
140 0
59 0
99 1
140 0
84 0
71 0
108 0
119 0
109 0
135 0
112 0
116 0
63 0
70 0
86 0
64 0
104 0
140 0
134 0
51 0
66 0
132 0
91 0
75 0
60 0
79 0
140 0
110 0
137 0
129 0
62 0
51 0
122 0
66 0
57 0
73 0
92 1
39 0
17 0
120 0
74 0
140 0
88 0
123 0
103 0
66 0
69 0
63 0
73 0
46 0
75 0
91 0
84 0
75 0
84 0
104 1
117 1
56 0
87 0
130 0
130 0
58 0
84 0
97 0
59 0
55 0
35 0
131 0
100 0
116 0
140 0
126 0
124 0
73 0
140 0
84 0
122 0
140 0
70 0
138 0
113 0
85 0
87 0
89 0
73 0
39 0
101 0
78 0
86 0
93 0
84 0
61 0
93 0
109 0
78 0
140 0
83 0
46 0
96 0
18 0
136 0
136 0
136 0
71 0
77 0
138 0
45 0
94 0
95 0
77 1
81 0
69 0
101 0
72 0
102 0
97 0
136 0
136 0
120 0
140 0
137 0
40 0
137 0
116 0
105 0
102 0
138 0
49 0
123 0
74 0
79 0
139 0
70 0
53 0
52 0
68 0
85 0
73 0
107 0
31 0
121 0
138 0
69 0
96 0
113 0
136 0
47 0
69 0
136 0
130 0
111 0
136 0
136 0
66 0
121 0
51 0
103 0
117 0
122 0
73 0
128 0
100 1
68 0
37 0
115 0
101 0
72 0
90 0
89 0
104 0
98 0
140 0
66 0
115 0
124 0
123 0
101 0
115 0
138 0
140 0
81 0
55 0
61 0
73 0
67 0
97 0
65 0
140 0
92 0
117 0
140 0
136 0
44 0
37 0
136 0
94 0
107 0
106 0
136 0
125 0
123 0
138 0
126 0
114 0
56 0
